[
    1,
    0,
    0,
    [
        [
            "cc.Skeleton",
            [
                "_name",
                "_hash",
                "_joints",
                "_bindposes"
            ],
            0,
            12
        ]
    ],
    [
        [
            0,
            0,
            1,
            2,
            3,
            4
        ]
    ],
    [
        [
            0,
            "Skin-0",
            3441446776,
            [
                "NPC_Skel/mixamorig:Hips",
                "NPC_Skel/mixamorig:Hips/mixamorig:Spine",
                "NPC_Skel/mixamorig:Hips/mixamorig:Spine/mixamorig:Spine1",
                "NPC_Skel/mixamorig:Hips/mixamorig:Spine/mixamorig:Spine1/mixamorig:Spine2",
                "NPC_Skel/mixamorig:Hips/mixamorig:Spine/mixamorig:Spine1/mixamorig:Spine2/mixamorig:LeftShoulder",
                "NPC_Skel/mixamorig:Hips/mixamorig:Spine/mixamorig:Spine1/mixamorig:Spine2/mixamorig:LeftShoulder/mixamorig:LeftArm",
                "NPC_Skel/mixamorig:Hips/mixamorig:Spine/mixamorig:Spine1/mixamorig:Spine2/mixamorig:LeftShoulder/mixamorig:LeftArm/mixamorig:LeftForeArm",
                "NPC_Skel/mixamorig:Hips/mixamorig:Spine/mixamorig:Spine1/mixamorig:Spine2/mixamorig:LeftShoulder/mixamorig:LeftArm/mixamorig:LeftForeArm/mixamorig:LeftHand",
                "NPC_Skel/mixamorig:Hips/mixamorig:Spine/mixamorig:Spine1/mixamorig:Spine2/mixamorig:LeftShoulder/mixamorig:LeftArm/mixamorig:LeftForeArm/mixamorig:LeftHand/mixamorig:LeftHandIndex1",
                "NPC_Skel/mixamorig:Hips/mixamorig:Spine/mixamorig:Spine1/mixamorig:Spine2/mixamorig:LeftShoulder/mixamorig:LeftArm/mixamorig:LeftForeArm/mixamorig:LeftHand/mixamorig:LeftHandIndex1/mixamorig:LeftHandIndex2",
                "NPC_Skel/mixamorig:Hips/mixamorig:Spine/mixamorig:Spine1/mixamorig:Spine2/mixamorig:LeftShoulder/mixamorig:LeftArm/mixamorig:LeftForeArm/mixamorig:LeftHand/mixamorig:LeftHandIndex1/mixamorig:LeftHandIndex2/mixamorig:LeftHandIndex3",
                "NPC_Skel/mixamorig:Hips/mixamorig:Spine/mixamorig:Spine1/mixamorig:Spine2/mixamorig:LeftShoulder/mixamorig:LeftArm/mixamorig:LeftForeArm/mixamorig:LeftHand/mixamorig:LeftHandMiddle1",
                "NPC_Skel/mixamorig:Hips/mixamorig:Spine/mixamorig:Spine1/mixamorig:Spine2/mixamorig:LeftShoulder/mixamorig:LeftArm/mixamorig:LeftForeArm/mixamorig:LeftHand/mixamorig:LeftHandMiddle1/mixamorig:LeftHandMiddle2",
                "NPC_Skel/mixamorig:Hips/mixamorig:Spine/mixamorig:Spine1/mixamorig:Spine2/mixamorig:LeftShoulder/mixamorig:LeftArm/mixamorig:LeftForeArm/mixamorig:LeftHand/mixamorig:LeftHandMiddle1/mixamorig:LeftHandMiddle2/mixamorig:LeftHandMiddle3",
                "NPC_Skel/mixamorig:Hips/mixamorig:Spine/mixamorig:Spine1/mixamorig:Spine2/mixamorig:LeftShoulder/mixamorig:LeftArm/mixamorig:LeftForeArm/mixamorig:LeftHand/mixamorig:LeftHandPinky1",
                "NPC_Skel/mixamorig:Hips/mixamorig:Spine/mixamorig:Spine1/mixamorig:Spine2/mixamorig:LeftShoulder/mixamorig:LeftArm/mixamorig:LeftForeArm/mixamorig:LeftHand/mixamorig:LeftHandPinky1/mixamorig:LeftHandPinky2",
                "NPC_Skel/mixamorig:Hips/mixamorig:Spine/mixamorig:Spine1/mixamorig:Spine2/mixamorig:LeftShoulder/mixamorig:LeftArm/mixamorig:LeftForeArm/mixamorig:LeftHand/mixamorig:LeftHandPinky1/mixamorig:LeftHandPinky2/mixamorig:LeftHandPinky3",
                "NPC_Skel/mixamorig:Hips/mixamorig:Spine/mixamorig:Spine1/mixamorig:Spine2/mixamorig:LeftShoulder/mixamorig:LeftArm/mixamorig:LeftForeArm/mixamorig:LeftHand/mixamorig:LeftHandRing1",
                "NPC_Skel/mixamorig:Hips/mixamorig:Spine/mixamorig:Spine1/mixamorig:Spine2/mixamorig:LeftShoulder/mixamorig:LeftArm/mixamorig:LeftForeArm/mixamorig:LeftHand/mixamorig:LeftHandRing1/mixamorig:LeftHandRing2",
                "NPC_Skel/mixamorig:Hips/mixamorig:Spine/mixamorig:Spine1/mixamorig:Spine2/mixamorig:LeftShoulder/mixamorig:LeftArm/mixamorig:LeftForeArm/mixamorig:LeftHand/mixamorig:LeftHandRing1/mixamorig:LeftHandRing2/mixamorig:LeftHandRing3",
                "NPC_Skel/mixamorig:Hips/mixamorig:Spine/mixamorig:Spine1/mixamorig:Spine2/mixamorig:LeftShoulder/mixamorig:LeftArm/mixamorig:LeftForeArm/mixamorig:LeftHand/mixamorig:LeftHandThumb1",
                "NPC_Skel/mixamorig:Hips/mixamorig:Spine/mixamorig:Spine1/mixamorig:Spine2/mixamorig:LeftShoulder/mixamorig:LeftArm/mixamorig:LeftForeArm/mixamorig:LeftHand/mixamorig:LeftHandThumb1/mixamorig:LeftHandThumb2",
                "NPC_Skel/mixamorig:Hips/mixamorig:Spine/mixamorig:Spine1/mixamorig:Spine2/mixamorig:LeftShoulder/mixamorig:LeftArm/mixamorig:LeftForeArm/mixamorig:LeftHand/mixamorig:LeftHandThumb1/mixamorig:LeftHandThumb2/mixamorig:LeftHandThumb3",
                "NPC_Skel/mixamorig:Hips/mixamorig:Spine/mixamorig:Spine1/mixamorig:Spine2/mixamorig:Neck",
                "NPC_Skel/mixamorig:Hips/mixamorig:Spine/mixamorig:Spine1/mixamorig:Spine2/mixamorig:Neck/mixamorig:Head",
                "NPC_Skel/mixamorig:Hips/mixamorig:Spine/mixamorig:Spine1/mixamorig:Spine2/mixamorig:RightShoulder",
                "NPC_Skel/mixamorig:Hips/mixamorig:Spine/mixamorig:Spine1/mixamorig:Spine2/mixamorig:RightShoulder/mixamorig:RightArm",
                "NPC_Skel/mixamorig:Hips/mixamorig:Spine/mixamorig:Spine1/mixamorig:Spine2/mixamorig:RightShoulder/mixamorig:RightArm/mixamorig:RightForeArm",
                "NPC_Skel/mixamorig:Hips/mixamorig:Spine/mixamorig:Spine1/mixamorig:Spine2/mixamorig:RightShoulder/mixamorig:RightArm/mixamorig:RightForeArm/mixamorig:RightHand",
                "NPC_Skel/mixamorig:Hips/mixamorig:Spine/mixamorig:Spine1/mixamorig:Spine2/mixamorig:RightShoulder/mixamorig:RightArm/mixamorig:RightForeArm/mixamorig:RightHand/mixamorig:RightHandIndex1",
                "NPC_Skel/mixamorig:Hips/mixamorig:Spine/mixamorig:Spine1/mixamorig:Spine2/mixamorig:RightShoulder/mixamorig:RightArm/mixamorig:RightForeArm/mixamorig:RightHand/mixamorig:RightHandIndex1/mixamorig:RightHandIndex2",
                "NPC_Skel/mixamorig:Hips/mixamorig:Spine/mixamorig:Spine1/mixamorig:Spine2/mixamorig:RightShoulder/mixamorig:RightArm/mixamorig:RightForeArm/mixamorig:RightHand/mixamorig:RightHandIndex1/mixamorig:RightHandIndex2/mixamorig:RightHandIndex3",
                "NPC_Skel/mixamorig:Hips/mixamorig:Spine/mixamorig:Spine1/mixamorig:Spine2/mixamorig:RightShoulder/mixamorig:RightArm/mixamorig:RightForeArm/mixamorig:RightHand/mixamorig:RightHandMiddle1",
                "NPC_Skel/mixamorig:Hips/mixamorig:Spine/mixamorig:Spine1/mixamorig:Spine2/mixamorig:RightShoulder/mixamorig:RightArm/mixamorig:RightForeArm/mixamorig:RightHand/mixamorig:RightHandMiddle1/mixamorig:RightHandMiddle2",
                "NPC_Skel/mixamorig:Hips/mixamorig:Spine/mixamorig:Spine1/mixamorig:Spine2/mixamorig:RightShoulder/mixamorig:RightArm/mixamorig:RightForeArm/mixamorig:RightHand/mixamorig:RightHandMiddle1/mixamorig:RightHandMiddle2/mixamorig:RightHandMiddle3",
                "NPC_Skel/mixamorig:Hips/mixamorig:Spine/mixamorig:Spine1/mixamorig:Spine2/mixamorig:RightShoulder/mixamorig:RightArm/mixamorig:RightForeArm/mixamorig:RightHand/mixamorig:RightHandPinky1",
                "NPC_Skel/mixamorig:Hips/mixamorig:Spine/mixamorig:Spine1/mixamorig:Spine2/mixamorig:RightShoulder/mixamorig:RightArm/mixamorig:RightForeArm/mixamorig:RightHand/mixamorig:RightHandPinky1/mixamorig:RightHandPinky2",
                "NPC_Skel/mixamorig:Hips/mixamorig:Spine/mixamorig:Spine1/mixamorig:Spine2/mixamorig:RightShoulder/mixamorig:RightArm/mixamorig:RightForeArm/mixamorig:RightHand/mixamorig:RightHandPinky1/mixamorig:RightHandPinky2/mixamorig:RightHandPinky3",
                "NPC_Skel/mixamorig:Hips/mixamorig:Spine/mixamorig:Spine1/mixamorig:Spine2/mixamorig:RightShoulder/mixamorig:RightArm/mixamorig:RightForeArm/mixamorig:RightHand/mixamorig:RightHandRing1",
                "NPC_Skel/mixamorig:Hips/mixamorig:Spine/mixamorig:Spine1/mixamorig:Spine2/mixamorig:RightShoulder/mixamorig:RightArm/mixamorig:RightForeArm/mixamorig:RightHand/mixamorig:RightHandRing1/mixamorig:RightHandRing2",
                "NPC_Skel/mixamorig:Hips/mixamorig:Spine/mixamorig:Spine1/mixamorig:Spine2/mixamorig:RightShoulder/mixamorig:RightArm/mixamorig:RightForeArm/mixamorig:RightHand/mixamorig:RightHandRing1/mixamorig:RightHandRing2/mixamorig:RightHandRing3",
                "NPC_Skel/mixamorig:Hips/mixamorig:Spine/mixamorig:Spine1/mixamorig:Spine2/mixamorig:RightShoulder/mixamorig:RightArm/mixamorig:RightForeArm/mixamorig:RightHand/mixamorig:RightHandThumb1",
                "NPC_Skel/mixamorig:Hips/mixamorig:Spine/mixamorig:Spine1/mixamorig:Spine2/mixamorig:RightShoulder/mixamorig:RightArm/mixamorig:RightForeArm/mixamorig:RightHand/mixamorig:RightHandThumb1/mixamorig:RightHandThumb2",
                "NPC_Skel/mixamorig:Hips/mixamorig:Spine/mixamorig:Spine1/mixamorig:Spine2/mixamorig:RightShoulder/mixamorig:RightArm/mixamorig:RightForeArm/mixamorig:RightHand/mixamorig:RightHandThumb1/mixamorig:RightHandThumb2/mixamorig:RightHandThumb3",
                "NPC_Skel/mixamorig:Hips/mixamorig:LeftUpLeg",
                "NPC_Skel/mixamorig:Hips/mixamorig:LeftUpLeg/mixamorig:LeftLeg",
                "NPC_Skel/mixamorig:Hips/mixamorig:LeftUpLeg/mixamorig:LeftLeg/mixamorig:LeftFoot",
                "NPC_Skel/mixamorig:Hips/mixamorig:LeftUpLeg/mixamorig:LeftLeg/mixamorig:LeftFoot/mixamorig:LeftToeBase",
                "NPC_Skel/mixamorig:Hips/mixamorig:RightUpLeg",
                "NPC_Skel/mixamorig:Hips/mixamorig:RightUpLeg/mixamorig:RightLeg",
                "NPC_Skel/mixamorig:Hips/mixamorig:RightUpLeg/mixamorig:RightLeg/mixamorig:RightFoot",
                "NPC_Skel/mixamorig:Hips/mixamorig:RightUpLeg/mixamorig:RightLeg/mixamorig:RightFoot/mixamorig:RightToeBase"
            ],
            [
                [
                    [
                        7,
                        1,
                        0.0000011359203426763997,
                        4.627915757282608e-7,
                        0,
                        4.621416849204252e-7,
                        -0.6984241604804993,
                        0.7156840562820435,
                        0,
                        0.000001136184891947778,
                        -0.7156839966773987,
                        -0.6984241604804993,
                        0,
                        -4.635827792753844e-7,
                        0.6932497620582581,
                        -0.70892333984375,
                        1
                    ],
                    [
                        7,
                        1,
                        7.048590877634098e-11,
                        -9.282524193743313e-10,
                        0,
                        5.399762668251151e-13,
                        0.9970852136611938,
                        0.07629436999559402,
                        0,
                        9.309246151723016e-10,
                        -0.07629436254501343,
                        0.9970851540565491,
                        0,
                        -4.191451186130735e-9,
                        -1.094904899597168,
                        -0.07666537910699844,
                        1
                    ],
                    [
                        7,
                        1,
                        7.107836541564438e-11,
                        -9.278640633603175e-10,
                        0,
                        -8.019213277362519e-14,
                        0.9970851540565491,
                        0.07629457116127014,
                        0,
                        9.305824999472634e-10,
                        -0.07629456371068954,
                        0.9970850944519043,
                        0,
                        -4.190777502799392e-9,
                        -1.2189507484436035,
                        -0.07666540145874023,
                        1
                    ],
                    [
                        7,
                        1,
                        -1.995910423602254e-7,
                        1.8244915622744884e-7,
                        0,
                        1.8337638607590634e-7,
                        0.9963876605033875,
                        0.08492060005664825,
                        0,
                        -1.9873949952398107e-7,
                        -0.08492059260606766,
                        0.9963876008987427,
                        0,
                        -2.595252510673163e-7,
                        -1.360002875328064,
                        -0.08843830972909927,
                        1
                    ],
                    [
                        7,
                        -0.03202889859676361,
                        0.9314066171646118,
                        -0.3625682592391968,
                        0,
                        -0.07623249292373657,
                        -0.3639742136001587,
                        -0.9282839298248291,
                        0,
                        -0.9965752363204956,
                        -0.002092430368065834,
                        0.08266113698482513,
                        0,
                        0.07659488171339035,
                        0.4866483509540558,
                        1.4158134460449219,
                        1
                    ],
                    [
                        7,
                        -0.09759895503520966,
                        0.7358969449996948,
                        -0.6700223684310913,
                        0,
                        -0.05038771033287048,
                        -0.6760269403457642,
                        -0.7351520657539368,
                        0,
                        -0.9939492344856262,
                        -0.03798918426036835,
                        0.10305968672037125,
                        0,
                        0.05156552791595459,
                        0.8395944833755493,
                        1.1945685148239136,
                        1
                    ],
                    [
                        7,
                        -0.04545371234416962,
                        0.7204564213752747,
                        -0.6920091509819031,
                        0,
                        -0.09794119000434875,
                        -0.69260174036026,
                        -0.7146401405334473,
                        0,
                        -0.9941534399986267,
                        0.035293158143758774,
                        0.10204367339611053,
                        0,
                        0.09111347794532776,
                        0.5932102799415588,
                        1.1772559881210327,
                        1
                    ],
                    [
                        7,
                        0.17453590035438538,
                        0.7264228463172913,
                        -0.6647157669067383,
                        0,
                        -0.002008978743106127,
                        -0.6748136281967163,
                        -0.7379854917526245,
                        0,
                        -0.9846484065055847,
                        0.13014039397239685,
                        -0.11631984263658524,
                        0,
                        -0.14180497825145721,
                        0.2898021936416626,
                        1.176979422569275,
                        1
                    ],
                    [
                        7,
                        0.24361847341060638,
                        0.4213421642780304,
                        -0.8735677599906921,
                        0,
                        -0.058637574315071106,
                        -0.8926586508750916,
                        -0.4469028413295746,
                        0,
                        -0.9680965542793274,
                        0.16009770333766937,
                        -0.19276167452335358,
                        0,
                        -0.10496219992637634,
                        0.6093741059303284,
                        1.0275548696517944,
                        1
                    ],
                    [
                        7,
                        0.2504333555698395,
                        0.02983751706779003,
                        -0.9676738977432251,
                        0,
                        -0.14773429930210114,
                        -0.9866411685943604,
                        -0.06865591555833817,
                        0,
                        -0.9567952752113342,
                        0.1601523607969284,
                        -0.2426798790693283,
                        0,
                        -0.023386765271425247,
                        0.9342411160469055,
                        0.7255712151527405,
                        1
                    ],
                    [
                        7,
                        0.35331207513809204,
                        0.02983757108449936,
                        -0.9350294470787048,
                        0,
                        -0.1394701600074768,
                        -0.9866412281990051,
                        -0.08418503403663635,
                        0,
                        -0.9250502586364746,
                        0.1601523458957672,
                        -0.3444308638572693,
                        0,
                        -0.1014847457408905,
                        0.9053750038146973,
                        0.7188195586204529,
                        1
                    ],
                    [
                        7,
                        0.08163333684206009,
                        0.4906352460384369,
                        -0.86753249168396,
                        0,
                        0.06543955951929092,
                        -0.8711980581283569,
                        -0.4865504801273346,
                        0,
                        -0.9945114850997925,
                        -0.017052212730050087,
                        -0.10322578251361847,
                        0,
                        -0.13973407447338104,
                        0.5413370728492737,
                        1.0637164115905762,
                        1
                    ],
                    [
                        7,
                        0.08938939869403839,
                        -0.037054240703582764,
                        -0.9953069686889648,
                        0,
                        0.03244820982217789,
                        -0.9986686706542969,
                        0.040093597024679184,
                        0,
                        -0.9954676628112793,
                        -0.03587988391518593,
                        -0.08806807547807693,
                        0,
                        -0.11322057247161865,
                        0.9891767501831055,
                        0.6431989073753357,
                        1
                    ],
                    [
                        7,
                        0.13963580131530762,
                        -0.03705247864127159,
                        -0.9895092844963074,
                        0,
                        0.030377808958292007,
                        -0.998668909072876,
                        0.04168226197361946,
                        0,
                        -0.9897366166114807,
                        -0.0358794629573822,
                        -0.13832436501979828,
                        0,
                        -0.1456201672554016,
                        0.9554823637008667,
                        0.6366481781005859,
                        1
                    ],
                    [
                        7,
                        0.05473512411117554,
                        0.30101972818374634,
                        -0.9520456194877625,
                        0,
                        0.08362773060798645,
                        -0.9515069127082825,
                        -0.29604148864746094,
                        0,
                        -0.9949923157691956,
                        -0.06341356039047241,
                        -0.07725446671247482,
                        0,
                        -0.18753069639205933,
                        0.7478427886962891,
                        0.931492030620575,
                        1
                    ],
                    [
                        7,
                        0.056001417338848114,
                        0.007686401717364788,
                        -0.9984009861946106,
                        0,
                        0.07446262240409851,
                        -0.9972174763679504,
                        -0.0035005996469408274,
                        0,
                        -0.9956498742103577,
                        -0.074147529900074,
                        -0.05641796067357063,
                        0,
                        -0.17949096858501434,
                        0.9631173610687256,
                        0.6789001822471619,
                        1
                    ],
                    [
                        7,
                        0.10515481233596802,
                        0.007679098751395941,
                        -0.9944259524345398,
                        0,
                        0.0745454952120781,
                        -0.9972174763679504,
                        0.0001821033365558833,
                        0,
                        -0.991657555103302,
                        -0.07414914667606354,
                        -0.10543468594551086,
                        0,
                        -0.21274349093437195,
                        0.9398691654205322,
                        0.6692187786102295,
                        1
                    ],
                    [
                        7,
                        0.08600259572267532,
                        0.37236344814300537,
                        -0.9240934252738953,
                        0,
                        0.05966009572148323,
                        -0.9277902841567993,
                        -0.36830076575279236,
                        0,
                        -0.9945065975189209,
                        -0.02345668338239193,
                        -0.10200764983892441,
                        0,
                        -0.1639179140329361,
                        0.6778252720832825,
                        0.9849108457565308,
                        1
                    ],
                    [
                        7,
                        0.08933693915605545,
                        -0.013092153705656528,
                        -0.995915412902832,
                        0,
                        0.03523346409201622,
                        -0.9992460012435913,
                        0.01629650592803955,
                        0,
                        -0.9953778386116028,
                        -0.03654542565345764,
                        -0.0888083428144455,
                        0,
                        -0.14255377650260925,
                        0.9762586355209351,
                        0.6617349982261658,
                        1
                    ],
                    [
                        7,
                        0.0706901103258133,
                        -0.01309624221175909,
                        -0.9974122643470764,
                        0,
                        0.035531628876924515,
                        -0.9992459416389465,
                        0.015638574957847595,
                        0,
                        -0.9968649744987488,
                        -0.03654517978429794,
                        -0.07017150521278381,
                        0,
                        -0.13014885783195496,
                        0.9458035230636597,
                        0.6642821431159973,
                        1
                    ],
                    [
                        7,
                        0.42300230264663696,
                        0.29014793038368225,
                        -0.8584189414978027,
                        0,
                        -0.5535643696784973,
                        -0.6672674417495728,
                        -0.4983176290988922,
                        0,
                        -0.7173808217048645,
                        0.6859796047210693,
                        -0.12164013087749481,
                        0,
                        0.3075543940067291,
                        0.5242257714271545,
                        1.037349820137024,
                        1
                    ],
                    [
                        7,
                        0.42621567845344543,
                        0.23701536655426025,
                        -0.8730197548866272,
                        0,
                        -0.4004054367542267,
                        -0.8159550428390503,
                        -0.417004257440567,
                        0,
                        -0.8111811876296997,
                        0.5272958278656006,
                        -0.2528706192970276,
                        0,
                        0.15091665089130402,
                        0.6772686839103699,
                        0.9650204181671143,
                        1
                    ],
                    [
                        7,
                        0.24332909286022186,
                        0.2370106279850006,
                        -0.9405407309532166,
                        0,
                        -0.4756016433238983,
                        -0.8159569501876831,
                        -0.3286600410938263,
                        0,
                        -0.8453364372253418,
                        0.5272953510284424,
                        -0.0858234092593193,
                        0,
                        0.3405517637729645,
                        0.6405341625213623,
                        0.91545569896698,
                        1
                    ],
                    [
                        7,
                        1,
                        -1.8482258778984573e-10,
                        -9.121501887143779e-10,
                        0,
                        9.94388490820064e-14,
                        0.9801041483879089,
                        -0.19848263263702393,
                        0,
                        9.306865278446708e-10,
                        0.19848260283470154,
                        0.9801041483879089,
                        0,
                        -4.1910310777382165e-9,
                        -1.4835008382797241,
                        0.34077051281929016,
                        1
                    ],
                    [
                        7,
                        1,
                        -1.848457914510604e-10,
                        -9.121355337704529e-10,
                        0,
                        1.2503524962365758e-13,
                        0.9801041483879089,
                        -0.1984826922416687,
                        0,
                        9.306767578820541e-10,
                        0.1984826624393463,
                        0.9801041483879089,
                        0,
                        -4.191064384428955e-9,
                        -1.5485788583755493,
                        0.3407706022262573,
                        1
                    ],
                    [
                        7,
                        -0.02755546383559704,
                        -0.9314056634902954,
                        0.3629378080368042,
                        0,
                        0.07624316960573196,
                        -0.3639763593673706,
                        -0.9282822608947754,
                        0,
                        0.9967082738876343,
                        0.0020922813564538956,
                        0.08104286342859268,
                        0,
                        -0.07660594582557678,
                        0.48681703209877014,
                        1.4157472848892212,
                        1
                    ],
                    [
                        7,
                        -0.0981423407793045,
                        -0.7358461618423462,
                        0.6699987649917603,
                        0,
                        0.048407360911369324,
                        -0.6759817600250244,
                        -0.7353265881538391,
                        0,
                        0.9939942955970764,
                        -0.03973378613591194,
                        0.10196280479431152,
                        0,
                        -0.049635060131549835,
                        0.8395023345947266,
                        1.1946871280670166,
                        1
                    ],
                    [
                        7,
                        -0.04854192957282066,
                        -0.7205793857574463,
                        0.6916708946228027,
                        0,
                        0.09365831315517426,
                        -0.6927198171615601,
                        -0.7150992155075073,
                        0,
                        0.9944202303886414,
                        0.03006843850016594,
                        0.10111422836780548,
                        0,
                        -0.08726438879966736,
                        0.593036413192749,
                        1.1776195764541626,
                        1
                    ],
                    [
                        7,
                        0.1320543885231018,
                        -0.7151685953140259,
                        0.6863634586334229,
                        0,
                        0.06871438026428223,
                        -0.6841570138931274,
                        -0.726090133190155,
                        0,
                        0.9888576865196228,
                        0.14304643869400024,
                        -0.0412035696208477,
                        0,
                        0.04678313061594963,
                        0.3071402907371521,
                        1.1802304983139038,
                        1
                    ],
                    [
                        7,
                        0.11865178495645523,
                        -0.47106462717056274,
                        0.8740820288658142,
                        0,
                        0.07136650383472443,
                        -0.8739778399467468,
                        -0.4806962311267853,
                        0,
                        0.9903676509857178,
                        0.11941563338041306,
                        -0.07008080929517746,
                        0,
                        0.007385999895632267,
                        0.5598454475402832,
                        1.0615562200546265,
                        1
                    ],
                    [
                        7,
                        0.126060351729393,
                        0.0017101443372666836,
                        0.9920209646224976,
                        0,
                        0.11273529380559921,
                        -0.9935445189476013,
                        -0.012612981721758842,
                        0,
                        0.9855958223342896,
                        0.11342573910951614,
                        -0.12543939054012299,
                        0,
                        -0.027693934738636017,
                        0.9647595882415771,
                        0.6878499984741211,
                        1
                    ],
                    [
                        7,
                        0.034366924315690994,
                        0.0017123708967119455,
                        0.9994077086448669,
                        0,
                        0.11341718584299088,
                        -0.9935446381568909,
                        -0.002197782974690199,
                        0,
                        0.992952823638916,
                        0.11342551559209824,
                        -0.034339290112257004,
                        0,
                        -0.09078541398048401,
                        0.9347449541091919,
                        0.6823927164077759,
                        1
                    ],
                    [
                        7,
                        0.031845662742853165,
                        -0.4616715908050537,
                        0.8864790201187134,
                        0,
                        -0.0014525388833135366,
                        -0.8869492411613464,
                        -0.4618643820285797,
                        0,
                        0.9994915723800659,
                        0.013420730829238892,
                        -0.02891608513891697,
                        0,
                        0.04442235082387924,
                        0.57691890001297,
                        1.05442476272583,
                        1
                    ],
                    [
                        7,
                        0.031511541455984116,
                        0.03938176855444908,
                        0.998727023601532,
                        0,
                        -0.002734532579779625,
                        -0.9992160201072693,
                        0.039487335830926895,
                        0,
                        0.9994994401931763,
                        -0.003975358791649342,
                        -0.031379155814647675,
                        0,
                        0.04542931914329529,
                        0.9908000230789185,
                        0.6479696035385132,
                        1
                    ],
                    [
                        7,
                        0.04476195201277733,
                        0.039384227246046066,
                        0.9982208609580994,
                        0,
                        -0.0022101877257227898,
                        -0.9992160797119141,
                        0.039522603154182434,
                        0,
                        0.9989949464797974,
                        -0.003975364845246077,
                        -0.04463982209563255,
                        0,
                        0.05402380973100662,
                        0.9569551944732666,
                        0.6473070383071899,
                        1
                    ],
                    [
                        7,
                        -0.10468042641878128,
                        -0.3484531342983246,
                        0.9314623475074768,
                        0,
                        -0.11873427778482437,
                        -0.9255298376083374,
                        -0.35957765579223633,
                        0,
                        0.9873923659324646,
                        -0.14823724329471588,
                        0.05551154166460037,
                        0,
                        0.11144507676362991,
                        0.6775079369544983,
                        0.9881452918052673,
                        1
                    ],
                    [
                        7,
                        -0.11925127357244492,
                        0.04662462696433067,
                        0.9917685985565186,
                        0,
                        -0.17254188656806946,
                        -0.9846706390380859,
                        0.02554434910416603,
                        0,
                        0.9777568578720093,
                        -0.16807538270950317,
                        0.1254679262638092,
                        0,
                        0.1531767100095749,
                        0.9777201414108276,
                        0.659551203250885,
                        1
                    ],
                    [
                        7,
                        -0.14224088191986084,
                        0.04661639407277107,
                        0.9887334704399109,
                        0,
                        -0.17308862507343292,
                        -0.9846707582473755,
                        0.021524034440517426,
                        0,
                        0.9745806455612183,
                        -0.16807690262794495,
                        0.14812920987606049,
                        0,
                        0.1378256231546402,
                        0.956398606300354,
                        0.6629369854927063,
                        1
                    ],
                    [
                        7,
                        -0.009492727927863598,
                        -0.29925572872161865,
                        0.9541254639625549,
                        0,
                        -0.037607740610837936,
                        -0.9533863663673401,
                        -0.2993982136249542,
                        0,
                        0.9992473721504211,
                        -0.03872460499405861,
                        -0.0022040950134396553,
                        0,
                        0.07784076780080795,
                        0.7418347597122192,
                        0.9432108998298645,
                        1
                    ],
                    [
                        7,
                        -0.011204672046005726,
                        0.07913806289434433,
                        0.9968004822731018,
                        0,
                        -0.05381482467055321,
                        -0.9954659342765808,
                        0.07842721790075302,
                        0,
                        0.9984879493713379,
                        -0.052763886749744415,
                        0.015412673354148865,
                        0,
                        0.09225808084011078,
                        1.0116796493530273,
                        0.6090015172958374,
                        1
                    ],
                    [
                        7,
                        -0.2356538325548172,
                        0.07913152128458023,
                        0.9686099886894226,
                        0,
                        -0.07011061161756516,
                        -0.9954665303230286,
                        0.06426835060119629,
                        0,
                        0.969304621219635,
                        -0.05276475474238396,
                        0.24013350903987885,
                        0,
                        -0.04742290452122688,
                        0.98301100730896,
                        0.6141282916069031,
                        1
                    ],
                    [
                        7,
                        0.4039202630519867,
                        -0.28005892038345337,
                        0.8708702921867371,
                        0,
                        0.5799087285995483,
                        -0.6578719019889832,
                        -0.48053067922592163,
                        0,
                        0.7074980735778809,
                        0.6991215944290161,
                        -0.10331923514604568,
                        0,
                        -0.34656625986099243,
                        0.5210216641426086,
                        1.0264794826507568,
                        1
                    ],
                    [
                        7,
